data_set:out.github n:56520 m:120868
 p , k-1 , partition time , total time  
2,2103,597,597,30544
4,11981,616,616,29232
8,23553,578,578,30056
16,37564,692,692,30320
32,54081,738,738,30756
64,71966,1018,1018,31520

data_set:out.dblp-author n:1953086 m:5624220
 p , k-1 , partition time , total time  
2,400669,24954,24954,1024804
4,903263,30414,30414,1015916
8,1388933,39635,39635,1024780
16,1871789,40083,40083,1021168
32,2249511,27955,27955,1036872
64,2497744,28648,28648,1050060

data_set:reuters.txt n:781266 m:283912
 p , k-1 , partition time , total time  
2,81872,148351,148351,806864
4,213000,155168,155168,806668
8,407024,267137,267137,803916
16,666263,459933,459933,803632

data_set:out.trackers n:27665731 m:12756245
 p , k-1 , partition time , total time  
2,6171,269247,269247,8005876
4,634359,294082,294082,7830760
8,1243850,370568,370568,7771636
16,1963633,554483,554483,7768692
32,2809673,976897,976897,7735704
64,3787593,1673084,1673084,7796972

data_set:out.orkut-groupmemberships n:2783197 m:8730858
 p , k-1 , partition time , total time  
2,1314368,531458,531458,4787368
4,5416990,676919,676919,4889732
8,11945887,858042,858042,5145484
16,19978855,1349839,1349839,5474636
32,28776281,2119219,2119219,5850212
64,38223887,3335795,3335795,6273988

data_set:enwiki.txt n:8116898 m:42640546
 p , k-1 , partition time , total time  
2,937715,591050,591050,15147820
4,1979181,620164,620164,15090632
8,3403829,707178,707178,15100152
16,5275756,677006,677006,15117844
32,7670795,742238,742238,15136808
64,10753149,843855,843855,15171920

data_set:out.dblp-author n:1953086 m:5624220
 p , k-1 , partition time , total time  
2,400669,14175,14175,1023132
4,903263,13613,13613,1014612
8,1388933,13343,13343,1022408
16,1871789,13097,13097,1019484
32,2249511,13045,13045,1035692
64,2497744,12600,12600,1048104
128,2652844,12412,12412,1046364
256,2742370,12137,12137,1056604

data_set:out.github n:56520 m:120868
 p , k-1 , partition time , total time  
2,2103,334,334,29440
4,11981,342,342,28160
8,23553,355,355,28160
16,37564,388,388,29440
32,54081,449,449,29440
64,71966,531,531,29440
128,91099,652,652,30720

data_set:out.github n:56520 m:120868
 p , k-1 , partition time , total time  
2,2103,394,394,29440
4,11981,397,397,28160
8,23553,420,420,28160
16,37564,457,457,29440
32,54081,486,486,29440
64,71966,628,628,29440
128,91099,772,772,30720
256,112518,965,965,32000
