
data_set:out.github n:56520 m:120868
 p , k-1 , partition time , total time  
2,19295,706,706,10476
4,37115,944,944,11240
8,54456,1254,1254,12120
16,70666,2171,2171,12948
32,87741,3525,3525,13680
64,108263,6598,6598,14688
128,130377,10441,10441,15692
256,152564,18965,18965,16672

data_set:enwiki.txt n:8116898 m:42640546
 p , k-1 , partition time , total time  
2,9857512,1229180,1229180,2465992
4,20864867,1691091,1691091,2981956
8,32848077,2373769,2373769,3543780
16,50181849,3808329,3808329,4356312
32,66721463,6445627,6445627,5131656
64,87501937,10951101,10951101,6105836
