
data_set:wiki_new.txt n:4566 m:4131
 p , k-1 , partition time , total time  
2,2889,34,191
4,7379,32,156
8,14270,30,135
16,23463,30,142
32,35154,32,146
64,48900,29,130

data_set:wiki_new.txt-swap.txt n:4131 m:4566
 p , k-1 , partition time , total time  
2,3682,33,140
4,9692,34,137
8,19627,33,140
16,33826,38,140
32,50285,35,143
64,65868,34,137

data_set:out.dbpedia-location n:172079 m:53407
 p , k-1 , partition time , total time  
2,1307,334,665
4,2313,432,786
8,3387,369,750
16,4534,323,654
32,5432,301,648
64,6368,250,533

data_set:out.dbpedia-location-swap.txt n:53407 m:172079
 p , k-1 , partition time , total time  
2,27539,137,393
4,44325,175,467
8,54646,150,465
16,61936,140,450
32,67413,132,454
64,74490,130,442

data_set:out.github n:56519 m:120867
 p , k-1 , partition time , total time  
2,4688,273,782
4,17178,268,781
8,34439,272,783
16,55339,260,792
32,79384,261,773
64,106763,241,854

data_set:out.github-swap.txt n:120867 m:56519
 p , k-1 , partition time , total time  
2,10927,324,816
4,20882,329,819
8,35637,326,819
16,55938,325,821
32,82768,323,808
64,113421,304,800

data_set:out.actor-movie n:127823 m:383640
 p , k-1 , partition time , total time  
2,35292,752,2083
4,100648,855,2494
8,189500,751,2404
16,288691,747,2236
32,395094,734,2271
64,499188,717,2073

data_set:out.actor-movie-swap.txt n:383640 m:127823
 p , k-1 , partition time , total time  
2,34956,1108,2387
4,87174,1231,2772
8,160529,1157,2717
16,271073,1154,2677
32,404833,1233,2785
64,516085,1016,2272

data_set:out.dbpedia-team n:901130 m:34461
 p , k-1 , partition time , total time  
2,5501,1736,3390
4,12048,1763,3341
8,22755,1791,3576
16,38350,1733,3497
32,61679,2169,4231
64,90829,1579,3191

data_set:out.dbpedia-team-swap.txt n:34461 m:901130
 p , k-1 , partition time , total time  
2,15502,895,2534
4,44517,937,2502
8,99495,877,2270
16,152716,1369,3156
32,208124,810,2159
64,243315,748,2357
