
data_set:out.github n:56520 m:120868
 p , k-1 , partition time , total time  
2,2027,368,368,29976
4,11461,418,418,29184
8,23352,488,488,29696
16,37393,463,463,30176
32,53796,638,638,30512
64,71786,654,654,31356
128,91115,773,773,32352
256,111900,970,970,33112

data_set:enwiki.txt n:8116898 m:42640546
 p , k-1 , partition time , total time  
2,937532,525278,525278,14674844
4,1960660,522135,522135,14617544
8,3397623,536341,536341,14615780
16,5269527,573358,573358,14637096
32,7658741,593509,593509,14663692
64,10753838,699935,699935,14698920
128,14869322,820912,820912,14857196
256,20469917,1065131,1065131,15116388


data_set:out.github n:56520 m:120868
 p , k-1 , partition time , total time  
2,2027,264,264,28160
4,11461,264,264,28160
8,23352,279,279,28160
16,37360,310,310,28160
32,53789,354,354,29440
64,71499,534,534,29440
128,91228,520,520,30720
256,111695,630,630,32000

data_set:out.github n:56520 m:120868
 p , k-1 , partition time , total time  
2,2027,407,407,28160
4,11461,401,401,28160
8,23352,391,391,28160
16,37360,296,296,28160
32,53789,523,523,29440
64,71499,571,571,29440
128,91228,512,512,30720
256,111695,812,812,32000

data_set:out.dblp-author n:1953086 m:5624220
 p , k-1 , partition time , total time  
2,406475,14153,14153,1011528
4,906972,14101,14101,1014088
8,1381777,13838,13838,1023048
16,1872575,13636,13636,1019056
32,2250799,12955,12955,1034844
64,2495789,12867,12867,1047212
128,2648830,12753,12753,1045932
256,2739693,12533,12533,1056172

data_set:reuters.txt n:781266 m:283912
 p , k-1 , partition time , total time  
2,80575,42127,42127,803792
4,209933,69281,69281,800484
8,400964,88245,88245,798904
16,654616,153113,153113,802648


data_set:out.github n:56520 m:120868
 p , k-1 , partition time , total time  
2,2030,360,360,29440
4,11461,371,371,29440
8,23378,388,388,29440
16,37347,436,436,30720
32,53734,488,488,30720
64,71413,471,471,30720
128,91481,759,759,32000
256,112341,746,746,33280

data_set:out.dblp-author n:1953086 m:5624220
 p , k-1 , partition time , total time  
2,445895,13577,13577,1011388
4,974151,13367,13367,1017656
8,1482070,13287,13287,1024812
16,1992243,12752,12752,1020784
32,2384028,12695,12695,1039552
64,2625684,12441,12441,1052728
128,2795705,11902,11902,1054912
256,2897466,11778,11778,1063356

data_set:out.github n:56520 m:120868
 p , k-1 , partition time , total time  
2,2027,363,363,29440
4,11461,367,367,29440
8,23352,392,392,29440
16,37360,435,435,29440
32,53789,512,512,30720
64,71499,610,610,30720
128,91228,766,766,32000
256,111695,938,938,33280

data_set:out.dblp-author n:1953086 m:5624220
 p , k-1 , partition time , total time  
2,406475,14679,14679,1012420
4,906972,14296,14296,1013592
8,1381777,14123,14123,1022908
16,1872575,13835,13835,1018652
32,2250799,13688,13688,1033612
64,2495789,13393,13393,1048924
128,2648830,12836,12836,1046364
256,2739693,12364,12364,1056936

data_set:out.trackers n:27665731 m:12756245
 p , k-1 , partition time , total time  
2,3615,227315,227315,8442920
4,614512,252817,252817,8269232
8,1213007,331303,331303,8212744
16,1909616,462123,462-23,8228792
32,2752727,738151,738151,8176528
64,3726584,1317352,1317352,8264080
128,4813547,2321777,2321777,8262444
256,5980462,4239042,4239042,8316568

data_set:out.orkut-groupmemberships-swap.txt n:8730858 m:2783197
 p , k-1 , partition time , total time  
2,1227495,352282,352282,5434252
4,3015031,373112,373112,5432416
8,5672247,428410,428410,5465900
16,9208322,564057,564057,5516656
32,13971419,715201,715201,5615044
64,19243458,936043,936043,5752084
128,26276424,1354359,1354359,5934740
256,34277025,1810010,1810010,6280744

data_set:enwiki.txt n:8116898 m:42640546
 p , k-1 , partition time , total time  
2,937532,418649,418649,14723924
4,1960660,424053,424053,14667760
8,3397623,427606,427606,14666852
16,5269525,449629,449629,14685724
32,7658741,487132,487132,14712788
64,10737298,551821,551821,14749072
128,14869321,676053,676053,14906440
256,20442730,838581,838581,15164632
