
data_set:out.github n:56520 m:120868
 p , k-1 , partition time , total time  
2,19295,706,706,10476
4,37115,944,944,11240
8,54456,1254,1254,12120
16,70666,2171,2171,12948
32,87741,3525,3525,13680
64,108263,6598,6598,14688
128,130377,10441,10441,15692
256,152564,18965,18965,16672

data_set:enwiki.txt n:8116898 m:42640546
 p , k-1 , partition time , total time  
2,9857512,1229180,1229180,2465992
4,20864867,1691091,1691091,2981956
8,32848077,2373769,2373769,3543780
16,50181849,3808329,3808329,4356312
32,66721463,6445627,6445627,5131656
64,87501937,10951101,10951101,6105836
128,106978644,25174447,25174447,7018340
256,126210526,38382395,38382395,7920364

data_set:out.github n:56520 m:120868
 p , k-1 , partition time , total time  
2,19295,651,651,10480
4,37115,905,905,11312
8,54456,1422,1422,12128
16,70666,2153,2153,12888
32,87741,3484,3484,13688
64,108263,5960,5960,14652

data_set:out.github n:56520 m:120868
 p , k-1 , partition time , total time  
2,19295,730,730,10480
4,37115,868,868,11312
8,54456,1322,1322,12128
16,70666,2168,2168,12888
32,87741,3663,3663,13688
64,108263,6091,6091,14652
128,130377,10770,10770,15692
256,152564,17868,17868,16740

data_set:out.dblp-author n:1953086 m:5624220
 p , k-1 , partition time , total time  
2,1555869,40943,40943,340492
4,2600528,59485,59485,389460
8,3232750,93280,93280,419096
16,3610866,157598,157598,436820
32,3827194,258089,258089,446964
64,3943367,476339,476339,452408
128,3999508,876143,876143,455044
256,4032492,1611580,1611580,456596

data_set:reuters.txt n:781266 m:283912
 p , k-1 , partition time , total time  
2,107591,74946,74946,22312
4,246727,107502,107502,28840
8,422776,175005,175005,37100
16,655373,329421,329421,48008
32,968865,641102,641102,62708
64,1390060,1256035,1256035,82456
128,1976724,2629278,2629278,109964
256,2797421,5652264,5652264,148440

data_set:out.trackers n:27665731 m:12756245
 p , k-1 , partition time , total time  
2,1590953,338237,338237,676688
4,2914299,466238,466238,738724
8,4443108,714288,714288,810392
16,6148974,1151973,1151973,890356
32,7497496,2014111,2014111,953572
64,9098835,3731406,3731406,1028636
128,10616255,6922660,6922660,1099772
256,12429793,13423807,13423807,1184788

data_set:out.orkut-groupmemberships-swap.txt n:8730858 m:2783197
 p , k-1 , partition time , total time  
2,2468073,959534,959534,251496
4,5781038,1484994,1484994,406120
8,11186121,2428875,2428875,659544
16,18599427,5094838,5094838,1006288
32,29532676,8209932,8209932,1519896
64,44702739,14197762,14197762,2231372
128,65769829,26624315,26624315,3219100
256,91346608,51632547,51632547,4418108

data_set:enwiki.txt n:8116898 m:42640546
 p , k-1 , partition time , total time  
2,9857512,1496070,1496070,2465988
4,20864867,2027690,2027690,2982024
8,32848077,3011914,3011914,3543780
16,50181849,4804989,4804989,4356324
32,66721463,7284450,7284450,5131684
