
data_set:out.github n:56519 m:120867
 p , k-1 , partition time , total time  
2,4688,458,2134,76904
4,17178,528,1244,76948
8,34439,340,897,76844
16,55339,326,922,76948
32,79384,317,911,76924
64,106763,348,987,76940
128,136213,609,1444,76952
256,164411,336,1279,77384

data_set:enwiki.txt n:8116897 m:42513754
 p , k-1 , partition time , total time  
2,1598335,634485,1783432,38006992
4,3382582,434332,1580936,38006956
8,5994500,365810,1044637,38006944
16,9674274,406281,1071180,38006872
32,14583499,437033,1265589,38006888
64,21105904,428706,1212876,38007136
128,29590303,444677,1270814,38006988
256,40333535,466221,1318866,38006992