

data_set:out.github n:56520 m:120868
 p , k-1 , partition time , total time  
2,2027,368,368,29976
4,11461,418,418,29184
8,23352,488,488,29696
16,37393,463,463,30176
32,53796,638,638,30512
64,71786,654,654,31356
128,91115,773,773,32352
256,111900,970,970,33112

data_set:enwiki.txt n:8116898 m:42640546
 p , k-1 , partition time , total time  
2,937532,525278,525278,14674844
4,1960660,522135,522135,14617544
8,3397623,536341,536341,14615780
16,5269527,573358,573358,14637096
32,7658741,593509,593509,14663692
64,10753838,699935,699935,14698920
128,14869322,820912,820912,14857196
256,20469917,1065131,1065131,15116388
