# vertex data stream 
# number of nodes: 4135    number of edges: 119882     types of edges: 4587
# node_id | number of coverd hyper edge| hyper edge id|

573 91 131 1003 1317 376 1358 1572 1652 1710 2076 1388 380 1361 1066 323 1586 1258 383 3303 917 863 2648 755 3389 3462 2122 2518 1638 1396 3567 147 390 802 2593 474 1325 1883 760 761 1234 277 3084 311 1565 1260 479 549 3377 3312 313 554 2075 428 1321 3262 1327 1328 370 2158 1375 767 2560 449 692 3675 4219 769 22 452 3880 1727 91 45 1563 244 245 1332 1333 2639 92 834 49 2561 4434 578 588 589 99 850 3239 3240 3500
2674 2 324 2030
1628 4 1620 2289 304 1737
2895 19 71 2894 383 73 796 1099 2860 393 40 81 3670 3875 1373 1374 1150 1143 1376 96 1383
4278 1 4415
1575 16 1572 1318 900 916 2292 111 794 627 1823 112 904 1328 910 372 2120 4516
794 58 134 1221 1317 424 1393 1318 1388 519 1046 1257 677 1677 144 1958 3023 3389 1444 2124 1445 2419 2995 3713 273 1595 805 3195 1646 4050 2931 1598 479 166 3191 1403 219 42 313 1682 428 691 3025 117 3333 449 2106 4332 1725 3399 2328 1563 93 1121 372 584 2094 4344 1607 4513
3441 3 3439 1097 3440
2101 5 1222 2802 2102 2105 1789
1472 52 424 783 1033 2263 2266 1431 364 1435 1096 734 2183 1337 3653 54 1452 533 3954 3999 1565 2420 2225 737 4218 1685 4226 2713 1029 21 4243 4246 1104 746 1477 1479 7 964 2226 227 458 584 228 1501 354 589 957 849 740 3463 231 3134 1516 959
1462 59 424 1657 1738 2212 2261 2262 2295 2987 2264 3109 2387 1888 2268 1659 1450 183 2585 1559 2829 3620 935 3285 1529 1600 479 4118 3621 3622 3642 4218 3624 4276 4282 2045 4307 3320 2214 3503 2853 937 4406 3626 4424 1662 1663 1664 4460 1891 4502 3321 4530 1742 2989 4536 2299 2215 2370 2243 2583
3715 5 3682 3714 2723 1292 2991
3102 9 3101 2177 3690 3917 2846 4053 5 191 64
3241 2 969 1134
3831 2 1656 4022
1655 9 1652 178 611 4001 1082 449 456 4375 2084
3478 2 1533 4342
998 82 995 1137 2219 69 1843 71 523 1435 863 3507 16 3330 734 1337 1998 1452 533 38 40 1140 941 2694 184 3488 219 1343 446 3095 737 4196 428 20 2713 1029 4246 85 746 821 1477 1005 118 828 964 405 155 2610 831 3331 4370 3665 224 454 4159 862 2227 2562 25 227 10 3887 208 228 98 957 849 4521 3371 4419 1505 2194 2835 3205 4155 3379 856 231 858 102 2789 1157 4580 1516
153 8 107 2176 3403 2416 1639 3161 3162 4043
2869 9 1762 200 370 3675 4316 1858 303 3132 1826
862 46 135 1055 915 424 1255 675 1843 1894 3148 1355 75 113 61 2153 3187 79 1719 4 3195 2235 279 4053 1770 3191 5 282 4217 1218 2881 4272 189 1005 1834 2707 292 1835 4004 4260 772 9 4480 262 594 2925 3459 2341
2199 10 466 680 2198 259 534 1725 2200 2201 3579 1530
2833 20 2831 3299 2433 1146 2277 4034 4035 1343 2492 3768 1974 2373 3547 1185 1244 2834 948 4520 2161 2012
4198 1 3661
3512 1 116
306 4 128 2862 295 361
155 106 107 436 1214 424 783 1561 961 1675 2470 1971 68 1426 1980 179 1429 1840 269 364 950 1435 1553 1437 1096 796 797 3587 734 1337 1397 3653 113 2513 1554 54 1451 1452 1819 533 150 3946 3999 82 1862 4080 549 2420 3340 737 3516 688 1216 909 818 1130 4226 2713 1029 21 4241 4243 4246 1104 4120 746 823 1477 3339 3025 3065 1482 964 205 2698 3346 4308 4287 455 4395 92 2318 94 227 458 1730 584 411 228 1501 841 957 849 1070 1937 740 4523 1506 1507 856 231 102 4559 462 2084 3245 1693 1516
1715 9 1008 2892 3720 3672 1289 3631 1291 4391 3043
2125 37 1388 981 1849 1056 3350 3477 3850 3851 3735 924 2931 4220 2929 3345 1239 4350 1241 1604 2912 4164 3901 4344 354 414 1936 1607 4511 1937 776 700 499 3936 263 1619 2810 502 1941
3733 4 443 763 2282 992
3341 11 3083 2914 1343 1166 1975 3704 1519 3482 498 1170 2883
1513 68 424 517 2050 518 1159 2590 2052 2718 2814 679 3286 1161 3083 2695 975 3283 797 3700 1656 276 1718 2915 684 2288 1164 1950 2916 4041 4044 4084 616 4141 1165 1804 1806 4157 2147 2918 4177 4192 20 560 2145 4304 1687 3744 2289 2058 408 4423 2537 3707 457 3461 3931 1168 3451 102 498 979 1170 3831 2921 51 2882 2883 1171 2084
1687 47 961 887 1410 1094 1154 922 755 161 923 3653 183 804 40 80 2420 2684 554 817 1327 1685 4235 4228 2713 1029 21 4246 1104 1375 1150 4197 828 964 1143 769 44 206 23 296 1689 580 965 95 173 1690 856 858 1421
2195 17 2187 1118 3204 1823 3697 1885 4152 814 819 1777 2316 4159 845 1641 2194 851 3423
2092 15 1393 2839 2292 3169 3718 2105 2126 1167 3305 3545 2537 2997 4164 855 4392
738 23 731 424 732 733 1440 1445 734 3914 736 1461 3577 4209 1538 1848 1470 4241 4246 4251 1075 1495 1497 740 1516
1696 34 1694 2022 2168 2248 2249 2239 949 3093 3274 1749 2441 1443 2253 183 3787 2585 1959 3890 3912 2324 3004 3974 1549 1702 1552 4366 487 4401 2395 3524 4486 3306 3751 4470
4562 2 897 4561
928 62 927 1071 1392 1609 1339 1620 68 1426 2624 438 2715 1803 1966 1119 3352 3353 3354 3355 1095 2626 1613 3393 1074 3658 390 3743 61 1100 1372 4 2325 1824 1622 398 2628 2458 1772 3370 666 3136 342 1974 3137 1704 2527 349 4135 1779 1728 2833 1391 2967 583 4386 1672 3165 174 2799 1125 598 2631 421
533 134 131 960 1253 1336 424 1528 783 1339 632 1360 2344 2636 2718 1803 2873 1367 2987 2993 997 523 2099 364 111 1208 3299 74 1435 1436 144 703 1544 529 3533 797 734 1337 3636 3653 735 1554 273 1452 3780 216 803 1651 3914 1303 3987 3999 2235 1529 1565 1598 1463 1464 202 549 2420 446 42 666 3518 239 554 737 1468 3915 20 818 1474 4226 2713 1029 21 4241 4246 1104 2929 1815 746 4272 1477 3339 3025 1375 956 1482 4304 1483 222 4172 964 729 4338 1075 4308 1901 620 23 4402 4410 4420 4384 227 4404 458 584 4469 3779 228 1501 957 849 4504 1070 2809 1937 740 1918 1263 1512 857 231 4336 2566 1709 4571 104 2084 1693 1516 4591 2769
3018 15 3015 1894 3148 3688 2385 4011 1884 3150 2230 4255 2538 10 4043 2955 3989
1259 20 1253 1255 1256 467 1257 2311 2069 999 1570 2105 4217 2036 629 1261 371 3983 4525 3494 1263 105
3697 4 1356 2619 3698 4037
2748 2 2745 1704
1896 39 1893 1945 467 324 646 1592 2099 3120 1191 2850 2019 2100 3447 1177 3479 3684 2995 955 3967 2675 2622 2468 1602 4306 1352 1184 91 1842 1897 3415 2164 1603 2827 1898 489 94 1306 3115 1144
2224 26 2046 1585 2646 2495 3442 1395 2938 540 4077 1598 479 1555 1050 282 42 1328 2171 2481 577 49 4442 4296 1784 2131 303 4078
112 25 106 107 126 108 1572 1318 2292 1676 2176 917 794 2 182 183 3187 2189 282 1321 1082 1030 692 9 724 49 98
4 180 0 59 639 1003 1093 1127 212 921 1710 2140 518 1159 2196 2276 2249 2456 68 1426 213 1948 2364 1843 2667 1 2870 647 2930 3082 270 364 1894 3148 1677 1678 2960 3264 386 1368 2069 756 3200 333 1441 1548 1533 1658 3512 1178 3 3564 2977 2040 3062 113 682 2513 2653 61 1629 54 2179 3775 3644 3784 3817 2389 3840 3869 1986 394 3917 396 3157 40 2950 3991 1680 861 2313 4056 4061 4089 1598 1600 665 167 3594 218 398 4133 5 2533 1343 185 2458 3151 42 2230 1166 4156 2607 2559 4183 116 904 3287 220 1012 3403 818 3820 4236 2416 4255 560 4002 2898 315 4302 1602 692 1617 119 404 4201 2273 2597 44 3922 157 1105 56 2181 3380 1107 2979 4401 3358 631 3845 2281 408 1688 2355 353 2696 2953 3224 4408 1121 2184 3524 2423 10 4043 2679 411 3941 1188 2221 591 1280 3606 28 4097 855 2012 30 4558 3270 1189 11 1991 4574 4576 2981 1144 2425 31 250
757 19 13 1202 1392 232 1887 3431 36 3674 3467 4077 3770 41 1185 45 3184 1186 2954 1816 4078
1907 10 1904 3022 1276 2498 3732 808 568 490 262 1908
3775 6 4052 3625 1518 1001 3441 1944
1034 27 1032 2248 1035 2284 2238 2240 1922 2441 1658 3535 1895 2585 1235 3984 2241 1549 689 4338 4348 2200 937 2317 1899 3828 2971 2972 2243
1233 39 1225 880 2440 1592 2877 1128 1232 1453 3323 445 3125 3476 3672 3209 1237 986 2880 3345 1290 1774 883 1775 1928 4308 1604 1932 3325 1244 1245 415 1248 1937 2548 3767 2283 1618 2034 2408 3216
817 72 134 961 887 1410 14 2047 234 1094 922 161 3637 3653 3690 1679 17 183 1099 18 2860 2602 684 804 1011 40 80 3754 4000 3759 2048 2420 2684 5 2817 1373 1685 4235 4228 2713 1029 21 4241 4246 1104 203 1150 828 1143 2421 769 44 23 351 296 1799 1689 4442 25 965 95 173 1690 97 26 1379 27 2484 1505 320 856 3134 602 31
4194 3 4193 1013 1416
3495 2 3702 502
2528 35 1971 308 364 1096 3653 54 658 1680 1018 4090 663 2420 428 4229 2713 1029 21 4243 1104 2578 4325 4328 4005 157 23 2172 3123 413 966 2071 671 231 102 462 3134
3990 2 1400 1935
685 11 211 213 701 3247 3567 2585 3633 399 2576 2580 294
1298 83 1297 1349 880 877 1589 981 2023 3208 3213 2892 1191 74 2100 1252 2025 2441 1658 3060 3542 3169 3608 3655 2939 259 2323 1594 2016 2026 1596 1234 3534 3917 1768 3576 1268 3672 1926 3472 1289 482 1239 3305 827 1602 450 1928 484 3346 91 723 1291 4391 1604 4399 1305 3888 1293 4190 1661 2547 696 3215 697 3733 3072 3579 1306 1246 3656 1606 1936 2548 3767 3716 3736 2400 2549 3228 2973 2034 2666 1938 3326
1086 54 1072 2271 381 1755 2052 2467 2793 1654 3140 917 1745 75 1958 2053 36 61 275 149 163 540 3328 1844 3926 1630 3084 4017 237 4091 201 282 2794 42 3136 287 3516 3898 2622 4245 190 4285 619 88 4330 404 567 295 92 4427 49 2118 172 3526 2795 2186
1981 31 1978 2238 467 1341 2831 2418 3395 276 3904 3975 2325 2313 2235 936 4198 1951 2106 1617 1842 2394 3071 583 261 2848 1880 1607 1954 1504 2331 1709 730
1294 41 1227 2014 2411 2491 2891 3040 2892 2015 3558 3041 1715 3720 2402 1287 3042 4212 1289 2315 561 3559 3631 484 2017 1821 1291 4391 1292 4238 1293 3560 3666 3043 1295 4239 2549 3228 2973 4214 4240 1296 2403
3444 3 3445 391 4490
1757 11 1753 2271 232 3354 144 1205 39 4077 45 2847 1406
599 18 131 33 1755 2564 1118 1286 1756 759 1597 3183 4077 2273 44 2565 45 1057 597 4078
2905 8 2904 2719 3610 1714 1813 4471 4532 4569
3858 6 3678 3859 4056 562 3861 4025
3492 3 3491 3838 3492
1434 52 424 783 961 887 922 950 1435 1553 1440 161 734 1337 3653 1452 533 1028 3914 804 2269 806 3999 4080 2420 737 909 818 4226 2713 1029 21 4246 1104 746 1477 1482 964 1496 227 458 584 173 1690 228 957 849 1070 740 856 231 858 1693 1516
1460 6 424 3084 89 1278 739 959
2751 3 2047 2751 92
3266 5 3264 2553 2039 2585 3923
164 25 124 125 212 264 268 180 164 1356 4046 4050 185 634 4114 190 169 4314 2067 350 1810 914 2221 2887 2436 209 1420
4212 6 1289 3345 1821 1291 4391 3666
3057 1 2508
1518 24 1517 1971 1258 1162 2207 1656 1164 4022 2079 4044 481 2147 4175 1973 555 1013 1820 835 3461 857 102 1578 51 1076
3516 1 3515
1094 74 1093 1358 961 1798 887 1410 14 234 2816 922 386 3350 796 3512 161 1765 2977 2054 3653 3467 183 2861 804 40 80 4031 4058 3714 2048 2420 2817 1373 4189 817 3262 1685 4235 4228 2713 1029 21 4246 1104 203 1375 1150 4304 4197 169 828 1143 2421 769 44 2082 1278 453 1842 2847 121 296 1689 25 965 95 173 1690 97 1057 320 856 858 2427 2084
1804 5 515 679 2914 2671 1977
2570 18 213 525 2569 1337 4089 446 737 4227 2713 1029 746 964 2347 458 228 849 740 1693
1315 62 1314 379 784 2456 2557 2590 1985 2176 2592 2177 2771 2653 199 3155 1079 1146 274 3926 3133 3397 280 4014 4171 1326 2559 1321 1103 4236 1856 188 1149 2180 3928 2444 2232 2601 3597 1108 23 2775 409 2355 58 2561 4434 2879 10 4383 3704 2866 3566 99 852 30 11 3240 601 2556 1348 2790 2186 1384
338 43 129 379 2557 2175 1985 1894 2176 2960 331 332 2735 333 3525 2736 1097 3899 3157 335 336 4056 4085 3762 2230 339 2231 2416 344 188 345 290 347 3163 4364 1108 2775 4434 3170 695 1500 2462 420 361 2563
1335 22 376 2076 2205 232 1585 2557 1586 1638 3507 801 1325 3506 1321 1328 1329 1375 2092 244 1333 3329 588 193
3277 22 1119 3393 61 3084 1885 666 1087 2293 4129 1974 3492 722 2966 1082 3026 2527 1278 2759 3889 2375 601 2556
2106 17 1222 2540 1677 794 369 999 2103 2105 4077 4079 1897 45 2109 3071 2542 1810 4078
3970 4 685 451 1106 455
1774 60 886 880 877 380 753 1285 1251 3140 3208 2543 1230 1252 1850 441 1233 1370 2672 1287 539 1925 445 3953 3960 2862 3322 3457 873 283 986 1289 1239 564 568 91 1291 4391 1243 724 3803 2128 1293 1934 1197 2547 2062 839 1783 1794 3729 2038 2972 4534 2740 1116 623 4239 1296 512 422 2403
3070 15 3058 3062 2471 1181 1182 2928 3066 3067 4333 1184 1897 2164 3073 2971 3076
234 3 127 2861 774
466 492 465 1032 1297 1520 1526 1528 1532 1541 1542 1547 1550 1557 1558 1560 1657 1694 1738 886 1877 1739 1900 1964 2022 2044 1962 2168 2212 1034 2248 2261 1035 2262 2284 1886 931 2238 2249 2349 2363 2379 2213 2239 2470 2514 2539 2197 2589 2640 2295 2680 2689 1036 2724 2726 2732 2440 2739 2753 2761 2768 2770 2667 2836 2240 2839 1037 1266 2923 1521 1695 1949 2983 2984 2985 2987 2988 2263 2999 2958 2959 3003 3010 3012 3015 2264 3020 2068 2994 3039 2265 933 2266 3051 1593 3092 1229 3109 949 3171 3178 3093 3050 3199 1298 1888 2198 2199 1208 950 2960 3247 2725 3259 469 3274 1433 3296 2515 1073 1300 3319 2553 2961 1436 2069 934 1038 1749 3411 2298 3207 3412 2441 2380 3443 3444 3446 2267 3448 2381 3449 3389 2350 2754 1548 1533 528 3495 3514 1443 3523 1544 1696 3535 951 2124 3578 1740 1447 3603 2268 3617 3618 2571 1659 1889 2946 1408 2301 1411 2309 2947 2939 3445 2513 3681 259 1594 1450 3737 3738 3739 473 2253 2572 3776 3780 1351 3781 3644 2733 3782 3784 2302 3786 3787 3791 1699 2948 2585 3840 2125 3846 2949 1409 1559 1039 3890 953 3328 3827 3900 3903 2974 1211 955 3912 2269 2829 3620 1303 3847 2690 2324 2516 935 3285 3004 2950 3971 3972 3478 3974 3979 3013 3980 2755 3981 3984 3987 1701 3991 3947 4007 4015 3238 4019 2390 3806 1462 1534 4033 2382 1529 2931 4084 812 2840 1600 4094 2951 479 1050 3017 2986 1465 2241 4118 3501 3621 4126 3622 1549 2250 3872 3807 2391 2629 3642 4185 2576 4191 2965 2599 2577 1702 4218 2932 4225 62 4237 2641 4258 4259 746 1552 2351 3624 4275 4276 1040 3625 3305 4282 2045 1601 1005 2352 4307 3356 3777 1928 3740 3320 4317 3958 2368 4335 4338 1725 4130 3334 4356 1802 4366 3180 1842 487 3970 3598 2394 3152 2200 2214 2691 1901 2327 3454 2521 3503 2348 1660 1545 2952 4127 3273 2251 3821 1604 406 4401 1042 2630 3645 4346 4402 875 937 4406 2582 3502 1524 3358 2841 1305 2201 2936 1577 3626 4424 1781 2353 3825 2116 4425 2415 2681 1546 3808 2830 2953 4431 3359 1661 2395 4408 4440 4441 2954 3524 4384 1662 4452 4453 1663 1664 3110 4457 4458 4460 1044 261 1631 3956 3828 2962 2692 3579 2955 4311 4486 4096 3722 4105 2202 3619 4488 4490 2854 3809 1891 4499 3306 4502 3321 1607 4095 2693 2956 2071 3829 3783 2383 4530 1742 193 2242 3000 2989 2756 3797 4536 1092 2485 4487 4097 2586 3014 2215 2370 3505 4409 2740 2957 2072 1743 4557 4378 2767 2034 3590 1530 2682 2963 1525 3830 2378 2243 1531 2683 2332 4347 4572 3680 4574 4575 2964 4576 3297 2270 2371 2583 3646 2642 4581 3266 3357 2906 4587 2769 4470 3181
23 60 12 1358 1675 2196 2276 2133 213 677 70 701 1367 269 962 181 53 656 333 1988 161 1178 273 1452 1090 19 3145 3959 4066 166 446 2817 285 687 1327 21 203 189 824 1480 449 1687 2067 2596 44 191 2534 2775 2422 1989 3704 208 1690 2185 229 27 856 30 498 1383 3240 2425
2566 4 2564 3439 3833 550
1742 25 1738 1739 2349 1521 2069 2350 1740 3617 1659 3791 1523 3900 3620 4033 2352 3454 1663 1664 4457 3619 4502 4530 2370 1743 3590
2995 11 2292 2099 3120 2019 2100 1305 1535 696 1306 1606 4162
